(75111038895725524278981559658496718429778186495623193242105743087780597004521, 125903948821494995088510891403250354000003820193707690309597001887544713078793)
(5777416709872018019776567455043253525348986383846024049983584980080417240478, 70915626923107888533053131314396899951277531864825966468443630445373714098212)
(115479594120088622921529691055231875944037108393644632019519677871903234867660, 172778233258568631454203509819906681980026464781993191089565175736257576835530)
(69018811714031575836075989875241400490560365400139029854405038131157808279378, 150675710980674009577659817007748691697639331368173506506376865529161030350847)
(60040534452313314073266019453135701476492912882807335586933699142810414792017, 127553911496835528022387814346925007942133323129152824628429653292285165713558)
(106828366919199406545219483454578614162382597843610629038878950971176183723947, 149815416293225675254602623802232171903159172066953622865496004016878728639075)
(115566181439649015893962323548028175768800992530581995074761835498595214842280, 187833173699739021760459298641434358528255068882762952616797710371008192755682)
(89493729209606483904394895663644835622602263119942777393293384004174165214442, 111263748683915260263659299940980122589497494112024989814644063076955494283745)
(93398824873939759833147475417741244588538497682487450585474325048964037918278, 109856409036308608441430067133124665677914775810899719602322105682508487486733)
(26205293312842998332615650553520271205409775891569509049997927603374695277627, 195752769192742908299966508567118460291415701841223213192344520600171301402564)
(53228853527464328497410648135162245092801457419993094023216325228339483584443, 126420958213857839904977551548295321621001906659295931990099854723360482565860)
(101680671946489109119949756558818750205951023086822977257642595675509086664711, 20359557633591287349804121588489754700171414846147719442408128574048013843996)
(93218773897372962678371908766593986737991699010787770697932684934818193138138, 187628456824907043611090342746384301433763041242706927620181110504512117612923)
(12815175872659781862701773704987595867785788201425298728327794369019583667677, 158621071925236819573413630935041703412710877094254651270383018632203370844639)
(73091535850995226501557750688278281080654277628489515060241273324173349781196, 191063913357588690884945080610491328609423443116914660352374228754240004475)
(114107914903631817850195189664842545003672722766209110943591613844212784359874, 148054755173420162599166443189095438353609525269244570132182669069228023180142)
(112318755015817432983679143547961898023066399269609935563614650503345000728672, 170135948765987469973985673305752562731079148882112386288421047180486917377233)
(12756998646323623500886777441790621453066219503668661644825451012726786466519, 81393217082403003778912668415812344827633273788914111913379933814004534752678)
(93831756000845989156334744615485093653234226226073070125291206364129918757792, 164084436373118806339730100472003142748279606582148573627889342975160635153000)
(76455419727336727258753027068405183525860437788430943623782736808390826923493, 8913382462470536693617891373639010343618578176488250761793781588894114858389)
(5369535503965135926203497799864561662817340886423065126470515771458074581314, 102987212151602783907438048760629779576220922646136749387045720295542465371149)
(193829951597559995246861626397569163716586179590601958581363185432907230032, 33688243940127663644387679003647212677393336361130147469703481267326739847034)
(101668086294737976538730631300611697312180687732816113964911775710460101735007, 121481558614088523580072594205384209273113099531555266224050110999420171706870)
