(47288220657272365254760464593587221803086859396276379526823908659381651384127, 137987168720462217420026962865474717794030423511053935646902392812667172678780)
(107216028870457542702827442691695622012137526750747374336258259033409997787540, 111237934461622475509228476483698939293433597196384668213204734554830707537885)
(27867270011278391599887924236208588558284648919026580510246302441189512386058, 114266034182968644389414025984835174643096360100649784032050633546649907477185)
(45970809816205209881175661861673029224395057023892203721876635058612743436169, 100564839953124908130184053490694244152622961974832001474186557947328974944563)
(17918195398032025661395395515796529381197359290937450017991003142176154827936, 101551017494421337207183184751564159241799863862084673239022601301391871881095)
(3631959545880170184969349073451118480679470974541515948507282855992394036898, 191796121852086502238627603396923303134423555106773804222984584604319655290546)
(76689283902672680841283745898276353892610308498498548510716975674008118745407, 102924706089737990376649427177211458363659326841547777577733917838639041488398)
(24020399500540437485017460717064078866536140832641947760639738565455986417393, 68092449127573815028397216243183281069309274078604418602601297600682243191813)
(56236200114286454174328794754817352141571172339079238162881489154742907377711, 15563009522599017062788082845635293797716247921056689830078055070648067620311)
(15442065782539320913581146515592870833780673465950471500072090892650351506806, 47244101887929052454314212125837621676587346887747653522392624506164691990757)
(35896715265785907416801173300455908702113330552993545061051962417582159525716, 105521977131888269066091167183470307231338544258339672502985461495964507904006)
(29778248419346120024792883167799070024667507473185343284417755370721352438197, 146870811540888949298363252144226016544701038759809653541744667272413900433562)
(16205778686043468308073143778331078356584370976969951815446393401226676094718, 115383381753969876181511171172764621912306312419930598974533046907987654617417)
(79805462365004413020619305523035018552499394975755001763452031394861375109554, 62101918441587221059131908768972438820740189106384539446797894994709501773468)
(98326468367350570093769320841586907910902050216580342052991086116294141199328, 102222989576247286809008971891606841883975032241840772906830026455240992559373)
(36436642378562353012360906181358350662833440078006002633109661416170189595483, 50967168661376653674371493791398223249194440180472380393902895957644484148843)
(98533689514583949766632996733875915742453939924962589967228013587282420949149, 84999792473197561043334807267318817992669945602206665603278956813029306007277)
(39911234422250514220423034090850268940271155279478267493197815052512156049797, 118726471044131237769594214084522384580050325136931734902230007508546134940095)
(21862521411668344511590317396461453467383213448068889480313187332071544215613, 206868341600283849435326110635832906599558281264749368258923103875917374105419)
(60798811232285209343334315488475577240367051662965078722115775241062541620780, 81731991913696275604724861264298895569629895457505063611822364250353504624199)
(54083049372271135827556661397732468659824953916223765456843415911077115966710, 96403075237094429434098820438789924125868001282471582332169438346605492434443)
(93566956956383453238854171328035252193029893968484253235308001860960931766228, 88579463422983017747462544661382709025669377863818641662735211792672324590926)
(33292779660880649186854882839297349457960410984958610187969472021562201765071, 110336111687602753963290885334107495317702674209523860634859841849284987204714)
