(25353495101660942418144181733979437060724178242592509646749337625951413612570, 69311698331143421893760403890408038106818382282437536228169164268439031401979)
(73701623384209490897924778444051878234617994548128865915199046999351106244628, 21787067894311183008648967220014433826197248178802436689308431848129205210127)
(18187290818569829088520404129639366743700197846197548745592794230829823781671, 36979576876112194054222672656276292821017509508228088717665216040300041258081)
(93402766372147134644462922820689318125277496270266479720646929910274965865315, 89839260538069189085813446783126235751654960230465095756011897724790352124633)
(110837280983434236575059122662160123312602982955178839293370745067650983050639, 140332137239574552120411816870253455302736166953446264270813954130440716901496)
(61264117633629602143365465919000716495718658948439116189585520985792658133956, 133815007611939485337223004322025987844495252130281520987400472046220719014502)
(99014102547333302370497579336470310583581439316498539756406057287662723745731, 133215872843297403016195735740724411922461629334331353300041947817268516933378)
(2101195471705505391272129893853889198670627067231667142089115021331151632287, 82032916928674672258714231081076200563337374902986650895468456293384235048500)
(91581490438787292409297051889742357548506424354307589579446350574012807339775, 191146963501889087014211895172667550371990536958285315477925668741874401840631)
(72708058829033973274496212977399908522637965508162259288594627002653181636314, 79550163080450857660681971291161842030833448135163878455889529782959581050762)
(85078479118543879314730026014350188319429919344712757745984132011952437326539, 30924918323803450202286669592936336198272279426514839064272146761788970081052)
(27917512723213918567997559389911919153847411978653443667957567667777259781509, 41082769944058306672257051401943581680462340436359472916177276351580151059236)
(33792662062292651253407980574502370358360741445699878910350209792029379960998, 202925091440447644766558118484996659602761623531982103476098515950550577421439)
(88764858814871742400688589379292702790675448001824471948771246508126316716563, 113823462556951523327457807019309143469667602005439759251267408038074253016104)
(82216961277442614663942067984678012738015889487638281135023847373711635136322, 207337572546222349654534628749170091966212017514636062984259847589308296194638)
(18792508151011296670731258213915542170933917048306591574446036901313654325600, 1799174866317498493494334465598350491591912768138260073787551803407779895633)
(11785551040304258533975248943524719950052219093938233032644395163140247167721, 17697562848924233529562846614329545135421307869019836170685739855989643255868)
(525435081136589538577817274230704863699442566989623933390885148916552282150, 38603744445948564236079685474382681579650985149022362773277713574563311646823)
(25945835795797236636420513138221201232165695815994655927747874860186243809428, 109429492094963698049149149140405488661509216543863309612150999481780671180201)
(85378280563129532098598483440908238923236968370748212985229805120580486720394, 814701463053646476945050255739497093845556123558610088336161997363654579358)
(23651592747638578758170352676375307344375994955030652724174358475877885780283, 835513990292815309125537557126401546952220331581969873303473878057517587457)
(30278825057725724412092745622366402226422038656521197096903817527903363896671, 119761504762269340601213125334083602730591314599801413829790627790067199609825)
(59717060162792682784360589568658950320941459013199440403411982695706746597839, 68209860792719144626945630889014512133125513324159490544843012442333748828364)
(17644684438787090086318165353419738318176196767235675851795175367297933464595, 163172218751988913571709563990507686748097926082466014816418620136810394364066)
(11602424349988662545243319839305572119089517899813892457572229527141340963237, 34000615431361038159354863615873039095302074794140288004113617414724547168412)
