(63610217838743151670186257415412588831467826663033729620702698293275263353644, 15731797523591010545997934986401300800457371157543880599344966857504781899504)
(12657975230905332767373886846837630023706389633253739519505012511011692318388, 24752582343206548473413672444374440646276265345726326916601585093311904069103)
(113668602207227135410382784867732963090181121117606116524929548615817839197610, 49824937964711349995829557020786771077209850840549339193744528672623638234668)
(97720709168835310193856176950513216116169249139389537530498141097047696725597, 106868439115144631389373870556694358314581206037540125970134105653990137160611)
(108299549669428666257424650072812158575834176428247816608471751504845442603585, 190946882867218266758089787194667227652823210120874193153049951287025524126804)
(16053304973905742657388131483354720592638149355346430241791673624113239763048, 1466207718548921443751692398728246843742060591962260496639902498044640336634)
(67483591878457829147064073051044126009121050213797683473380685124252693923657, 158905862639026938857068473963066490003251708698551827843034333373522832946092)
(8139257324458247673557074075530979206935397514117251980628521351534768704705, 68682029013971939132049827189072148349311881954813124572983297366428454202428)
(41901560791070858792483815982112494549375035159259549184471353955505854583044, 127385190972297191943686153187292648450098740934601303477195919271456810027946)
(50198045884748636284326715864383013166298506042601003166107997111305155323183, 38785192147950927561795578287811982812419528291907159144064978214722013392017)
(53315230303132244210388013354622283445066900211016525480613209351238947382141, 206081309409885135017405744507270321121460675506347243853069191589936567331897)
(27038881498538146037447396714332954089243748228059537293992034483208730455986, 77212144252476774549582999876766947282057721085236507277191496423922497207145)
(61716526596227542548141562214317384682169672799873465136218922407994715100171, 106904204336167626941647224990707767821453216673862389893762836821607199413307)
(13751527277819417407297383778863117219124940342238351428608747640977610157653, 118910955827687185248605988193358695950329425656236479160991082965257643632586)
(35852968423994911167523725647681320066291252524455824374158990696577266688118, 206641565375461771945446255873197734199241991585845523650350346678717427192156)
(20071679972350112189249633996785484101310098843153859506707961461925328743654, 4584022824153433897155898330669441604607234058410709524587355689866281789073)
(10585913868491981515580952171472759975334980358966267819384702741427277379603, 165224859252412547379703137154344527790613841878198287763866133908385066403138)
(42892596147967097824376311444254771516271401549850905402457759527893540671290, 16830526250633262317175838302999451232120736962529064680469846275582921869082)
(41384777231291157380332032345524612223463798645504909031315074128515376932148, 89295531816479366628788519377455537951648941616256456428461534054304743521198)
(66156498636720449660207436180165327798927458785075540802633841629560469087084, 142496708148898195512636343709993330052091357966645504428753353167652467123812)
(105030115765724199352712850620437546964040960478045482352790661702365209998246, 27923066344593130803852886855027827109552415481265146775905665034723170533463)
(37455559164847943802784899271424009823212105012248354166710067400722143451954, 129461923027538850578423947290717933619512010911660865615931824639791755124144)
(91425883632744859855094602953363695338810607453386202493936717933703902000641, 143629176201925442088627341357535922748826594064581980337361868642601414197291)
(106134351916865660453993662491494113539778527971687363656523181108324175300280, 152757910880003061463241055028932586035775776231201839931869044569353497810618)
(14260838002588515454799288136717541653458943091135027734573386190394335556591, 129194940512628023352767081966738210299707947189613723847286818877549253209639)
(35818035966751362534766916885771768827796566500857983070906856706630896108559, 3435522134091650334380913039848082942511251043078298364044706914006702964427)
(21652012346921747506034951062081438047062846254354971064255200613781615130688, 149081107979147793426492599096114792319502010628720635569028680730521267951550)
(12225834250114848190214201279646014312768235001937025711345897106562333599540, 19726421787203655866831323773134154764022156863213516667702557337346308689672)
(51560728255398216304181327893448623571748227549972171203994326798344874676432, 206102698823236373978102587258035468031066819092986900123241548372301394386197)
(98975652417864691306833640328059132448228211391264185266335581187143619639082, 30740130545258167224123864158057655193604017420753604946319516103292201869714)
(35755020377667049694430719498835784607541589139245359434741870520239310312317, 112335520603248883965154704532362041583084559943935903884427963327961158537017)
(69001778670479056261151635396222930525491381870319681799032992430522275880074, 83508289119715507179526020347214366436535329594371415613753214766298285038221)
(60903744263801524429554599351200760470615956451046448755230106653737087418028, 30665969104410984555341250998447661518614997508013044296714918932855400391776)
(24053093984574631808931070195442517841387715785999122009925078920392489284407, 4042346030367237563652020494938546230838035504111596403451917977525466291981)
(114804381572470121826242674517016394400328024021727960396785095991875714452413, 162178901838984672335407381566366729243641060151417564847044125111958552365745)
(100368991328156278143100339681632765513510318329369556557195317644972102744737, 140493449465097917843937873715539087008297973250319866255025245660523374535203)
(59462103865198874766581034258388065640732395926618130116785196346318425585334, 106289213938255793347940271909164543384615690622951606144296231974330200973334)
(63763425205131607753796684484100988244882364811056780979318142524539489663982, 119026450951780884639660430290342471418458840528004268220665297334287991996694)
(112328618282568372670771818819820023193430895752090565605466341936611634824449, 207797681008628026814039406062647800625200259705378733466000764510999988007708)
(17647697800714743523961680135159041490723132951764281735755277942103275569604, 129058301450346988301240511816464972416708705716866436775084840204895313705003)
(3770227916269954691194144594655376225165854001785537667213779221764605952951, 3338656902531061616823424807891561377041844294709307608431975079800317557500)
(9464475638444686475704431725712314722891111609641973760413275679134261721327, 13754709050355163351683502338749086144350812379916029082114550272190350699808)
(33309424900286321797444200857510572077301447119003580507163757208022825887050, 191289862367969594557650971389352008110623620134858443345739135398684373531003)
(18761620715071400388290482128276113044705609026805864075322881200747156101375, 125982920430957242396799180745610440460658893670804605303452657348839671694381)
(74166441829972256516689735843097542427274649709122866932074379318876586245969, 163153413489039597599491871927516219586635537229546078422177130909685333569403)
(23689150498797561594647111750239378130303224873789792674095302138845989756385, 184031257691717159241325666159213845760103368157294558773577158466331886984582)
(59278830145315153736642720608446202500113110284569734243753884424384578962212, 134931666662893872997703627174143832552430943587730319007286926142905418799337)
(6134963256317448509483479789638129649212863471954840437673605696148574441247, 203029710981538895621929684682821570544250796275647155658316349573501586752051)
(48063191641358723183234794117040906621749420452052818390163451393728301964411, 125552413304970808167254266403857854694376642218907888438397254060542638749488)
(49664031003890053531342234281921351777172969134559128100629596890660748028987, 114007268527448066001880370853223194324694484437710413648887699911725177690285)
(16194196195573912001840614743200808592478013752914342274207446937109534222044, 187769766297127460844538659908805303157465381031191213488254586149153422924028)
(40054137671490860110830709394021487175269197557310709924883466432640103354991, 54042902266824791031198768185898924557142248689116370049208219292569484730709)
(72386253512460238164109556807146657745837581762189724767058948949232952948185, 200414079256567398507489187207701771229482377756848144266571123709051880302730)
(24237038323283630770701042122416778127066951310216371431564663065440496261117, 35015307011664462039166354618855859210181626870871632373191168389776935176780)
(65448446446082370335816637845581467734231320109254821736346377206837680666309, 118258370000887627355108044125389319241326273758701113298612817402948106287031)
(14288266893667835651707394733100220471700659956686338199470009777446623251172, 97580956393779658309943245239677071823015823524608517894638833678818730530986)
(77205089760775603444670756600109716665188569420029438163301849587474622793291, 53671638704147873128821588958271740393115302350205505892593612834649778754967)
(69268155717092029817195517192493565354263517402521468714408467171139554733402, 105249986708781547829808103138344953123158715237586269162778176352784077707967)
(43634937471560706345777089637810350593558601912441320610638361738451756581096, 201681957707010435595058718255839933071090325982847656399015767331835159871892)
(16864491801314138043756050421698055670275292730634590685843919869594333742233, 194052685095644633213637149718472789211614399621848657539172375402946437918022)
(39174243249022941723292173381882566908420152266693796607027035325796532755904, 73710352915364800921399107439904506273266022602451859075489656477834824827390)
(108302970852588177639064856604321842330850073446304886650172460394025184086393, 9045722082850797791256667877238031470151185339055140635810132126384941219629)
(85739733526990067648172903507954455206684429955163563838305914062778522867450, 2840232223332441165743404900073159814562394942641168378917642034362656525525)
(32388077938913330824209818137321118129160397637602190468174672032708467811498, 66397581776296414050205770826227571759253264130899402411900520959442879833354)
(41311913389904098997983356130044643727947118745987966281175595601644610133988, 165033938403804518392438068162657249984826336317776881861551817790138378601900)
(21059923796967398487520960661588908065528651295069889108064008345581199693155, 125487849181217285812440804472450332842243635987330876149664878018744438951051)
(95651138650477342227419218632291419669742392957761127937574579501178502748245, 205448513163847540900670630885884978196849149152630828089145111261362028295727)
(86437673226678301723838249774578757100119131090348294741990100383211175003678, 164041154724576456976533572503280323538700843410838949598703816845373122865150)
(23278508248600299472877329958988183966243797000349852823861941430453266028494, 47712661726813335810903895577343065925931485064886689252170826500714997642158)
(33127114887209886741555120032851973775135643920939274194132750458949222282781, 51643792949531035252348284413466067264519118027809569851705686655031639959188)
(82304394748924557675481054770422611741930429818347098448506154253220417244210, 197270476799463837790093673477347041497343946353007593700215868047872932652732)
(85106434748221011135528526563184057223476688478990431656840995908209442466958, 96953143812911815991098643200364645599894310389714675475102212582092093260240)
(69662152889730533250136489366001290426577320027337666640202996317722058498586, 176416033050201842719337405466908447016564580600545326403212374040294791249699)
(66157479654184778846744375690599002040221545989939533375249969516484401462638, 37248248466148336219469196057060233066447498402059396883085467162274423072158)
(113787691563865144214527692831828103582605671219902417978974138023488228842423, 115469020524235144103098122691599640445194626438242774010509542935298139901541)
(62829976167637020681626471571493239790838160389673843349036752802164050341291, 36406704761754861843527046667200274439228835781843372644276586920279680874119)
(108464563443071300820068305536530594119166440632432932340721673129093430612427, 34881603788222019101207900064737029922000054557595470945539071425608161224112)
(91755733934088863860574452236378896738347979616710920804801464214329552432343, 116837458535152491635111598521784599075411354503614863459729226025339119091236)
(16287653282823598746360616766554296915080890135378118826334859722880087871933, 208180698619294774418220138447326317924017813067107772642885248033022314885425)
(52380602478377326922370542725095559969078714512935248995872447799882224606952, 3903168938679848359007834839655541436665883597182242763527988130866572449843)
(40733090552510846571549463310447076020866884598706188593729137476517632524922, 141497549970177974485404467570581281273413315589659301623196824387731568728407)
(40211983014317376281672581204609947140383397072586466962938325471301842735648, 177123115313753494413445901985037559660764646901360729593194678789880761943110)
(70043730573324775793019639775937736657376804873724882540625995007758219008489, 104901293886312176370237161595859865159537862458363531018012725066586990993761)
(78865987483935871326470591213509753764459521075144648534231500225769092155718, 3909495837104112284647063523420824585545052446411201480864131166177251600159)
(20944304219736803550867260789116691284743209715655972817284345072405095633670, 124438812160621829130822024050283095886004519900895260573822788669137224221423)
(112502710283138192429586619037820578778573786220163923039842572338722750344602, 72873714918475969954781135154433839667986591611705295305494808188770082847685)
(91661875598067143177770678299807102326347174326192855485094985785604692957677, 20349719063913091652057261633263709736977999625471652726062219200643547596582)
(78209951204431267073490840018199522080930231668390056176064130898568158923688, 183348033394137625499600258215097555647585776096217607165453656598283658681513)
(3130129939966048150136154990352923171447996229368513077268147240153785834387, 155840286558570167588230984153639062085810194398414573157819326321671997199807)
(101037172653392459902848955850857733764520069300147104207085339194985675931456, 114985606815015590212838192532625176069956471748456442755868726799037950392388)
(86688138657892610872543775545895884314518768108399520407336903082367458060155, 206181134120215983000916295483978677324530875282071289240520136907672096778285)
(101928171365965660153336527799979105534008072565957333960443965833197785211320, 111854714918255857267685534024868063331239586026792929415861227180658358865692)
(1870655177140724895277250187736938549809213160392640501586059849339336913027, 106809999454617898802324312452610677140548742862075622357453352054544167667937)
(12012098321695973624868003618339678439521766059525425314738356405858741994847, 163712303773045560528304577948480007379427369735960440865299242147724169965101)
(10042727367200231711598219262465848668009978110544430417182107991675543813909, 202946273761550929366166395502453163261506768896004940179773383614383326191007)
(66392039257857052623311737983775386974882316106538180036552609961327436037899, 147838115992488744820373979241129344131917990989057223751862827383862366667358)
(103589488686018612990412817831772480775787543145589853278594514634490907992130, 171561438427244129676861253035512100723225279249244735133423748362611653877755)
(100889025370667679501391063644481200004720944474874754165994210668056350413913, 94150543292094349324511886846701400984594296663608780639648779666279084442589)
(49655258622070397589859844531194122499417554297206104099050690694070902556153, 198044718736489922729696309198867905080671412577384340257403328435146759810745)
(1674187101754068664068995632515169989937245020387516163839009594808438859844, 159290868222126189473204582380522336518608544129138170893120104315456569322040)
