(115175253911061696962254864377244392749186365730249368653066344572999458348799, 94961667582672595519319361099798364594025334000198950837733055376507731743191)
(9241005654020422097665881074519695066360369900198997011457420895900461294556, 52028794844641301145092468479282610786506963762322497193895472400524347849206)
(22078134330921863769740588878899930283339120831640504366578809181362190165856, 12838284183385207835122493633446146223684467577274055168390023306679393045721)
(47588885599073423538012252724859270878052833658793143001405093186748518943580, 6034711022611946414360375785310510794363193291848755671920513400753150956595)
(104871909909093092349090682650319419771257577644497671993329792399434932841260, 125051067649514626981570569418868693890815807544874092672277766936648897822402)
(105101410282253604039994341353388566331556577872888111022633646663736140779575, 130099170969018921988004972669736999556542971994657633751974255510400134996168)
(17917077336808520805117964527018017515925970318980862785228398107141316126809, 67079611286057031903442044447344753518097820432065624153763687474747861264288)
(8004121173280029265264471752520328846437251587663735587498134835123713791588, 23803064104781057527295706575775705031593154335587041946648153285002530237744)
(110675802439466295622695902979851416533710733957663459313924708779738365159103, 144923125115851630261235378273176936014015482388318608297141686269542522660970)
(7182592732711599395638721569863057262443312970557752084158531667082393563130, 138384580262953550590302606487940810509274317452187469520034912301305998099915)
(111203363313993265238668907226811469157298649883888520096962785665661871557759, 175997932227684914766713051683999661852483303723868576505892245239781847965405)
(113037791606090351613523051377182860108120081451750950135828181112863550737632, 150349535589013651790184285540419457630415687886623429026951521882254456768801)
(80562177487605496259112710738894157712745380020059017495697293160549974593025, 105573215533822931677217191754177622708749043951817456521193488887360365605154)
(110020090777923980887629007184252473430082850934407190228237112389341040220425, 44539026417950154142889357443458812121829891253553351083469474639415454506204)
(95162415174293606602766942854629989379222626123319109565206815049608966869617, 36425284801462221953164391982506304464845308788038377446200593205735634774939)
(68730207494194402129196286532545038569765930710317197556994369566903955454726, 68374717295012725842085274689164288711148808062899795948583604646090149260372)
(90398267831388618968055367846233283697901350553967817339863488850445789257042, 116403801725081611096366636046852886843815887780200613973211680503412178286778)
(63346484138633254072126744618202712264416075930341652363326265704969421824398, 21763360246378771786908522580305023262482540881701520933123185592236392969106)
(95702053626108196567498399880226149249785904466881986365300612672928164153678, 20935294176745204207763679169000517014344234228304003757412651907060305139359)
(88490786804810242589426821362227626103304010552101487642623092014868317559203, 760887954771191061473715683754745750161092419304885827579300945967186386043)
(7334815704570762841447791498693572738389601938810590359988750314623423433669, 63928735380654196204349047084847287832630867022004133355733008921931428017853)
(92534994096007573758689285402517911157031661200286195173780519746227575208929, 126065587196794136485718782977240480916582088492962638197325608152302529518968)
(68600177269033948977390051867184058927793464843456591817050868259557998200867, 84251658277956560480479850027078115423784318453717856900319201692050040424911)
(95041917921812923863258711067654987667841216928123367559025163509728262530248, 60726351829923201180301917682393949082928765858091540246953326938744907842364)
(23737973161672506659531074823804682466745807581911910573770960490536555290017, 200608509699531026130533155054118749998037343724790445573725978997998274959410)
(65593518123248772520399243162562521625041133855887625265970627177713392146599, 55239577632067604362422297776615455030086659537581329663483650348415272471589)
(20967385649570605037945935106151870231374419671210226800978847559490590849801, 135780200770355719854881986801016015274614634927077817694485042315442645127938)
(16355851313686897281034414681332134778281974948263333466330187899331472701913, 98050315430086323083320619086790237691807172176302520228059583563280743718716)
(94937248936993747846299736735892480376702633211402049189954298715878655098366, 98905613178149107807892431925934472580824020784723526258006414458119016670575)
(5709460192469577369620029842952794635570029619644678843906099267977372071308, 176701912517537881543647151376149917246118038123716395809601630288728678729744)
(22266236543581582860719853621586464391751792546799203753393965128759923612659, 71483462442902226555823475248947034809237145130424288120589467819076569968636)
(68558449902274935529606794868347564449744481087360711818335113061600911071835, 200633913127789592993610450023332010811689331935313028154438227690664730919804)
(74820611190588147857971440827725178400573878533273541759033304469648157511219, 79978560181098883170955726808383131450498135079308978807114225259280118066212)
(78224856369280352031345375407908454678284014930113930677381564790019617152457, 110546868215178680769227512927896889913588458487953382097711099759463761696306)
(15886491825423536444304289613156449392112179141626324849732258438229060875572, 165928543799387453153232632043301388203342280634501484848206981373014585152898)
(43100082348656954488308160884198008121461426214900461862250152219686384722533, 24215900243440773450159655598591282891605400571574324576762607916920063298440)
(6288607842601161569478528216329977080535973139283300062526321515744324947184, 57284619083887672067482134756257136233468748174670556067316969137068289152159)
(72457670817553132118058463205767065357059007046315233501100447156424453279837, 65877545470021978759389710103847247035838501752942473744035264965001487919899)
(19407704936372587510178235855994536095939727120138586831423817473472472011521, 98476772145308182140588483266097387826464379251614034080957199607606303125465)
(92186112108763026202119809310481371693951154514133995447445528580253048881175, 168874420402927621856300049396988377011503262944928439775389878184124059756084)
(88882020822713158350264948817283847995917291558717919715825161289841598333675, 79370025919399910214656571376266687461300748770817105618283900535485892238605)
(43702500327012997131129850594784513809134438396625873758447355468090461726542, 52015550935232408522850236958936350958807963047023830015866377505606915770206)
(58134443498857200458156291879763575509933994144636527556042838781665832669576, 135486404433714631906849566755029774584103973905125107064659876771995853510161)
(81796843712632353033885765409849645500869705535080094027275759230372021586448, 187234561647853315107346520518742834488658893720776445832578245097842486291790)
(84656948640784787285400171410759758103017785369726765546548848612742167999477, 90383540189655443649365097408209268212348046886737110194791094929734816585505)
(17472401643527634387160541295279233817167099803399194062523799882691893373485, 80906325098210024448511595532839455139998627232779258643838250137914363516503)
(36086085044507176744961905347929741496579307701993436557035958044545756213163, 136254928926292893330503251321529670696750770403600828095736470034700048017223)
(45127630826042751052456335987579147890090009325847226453040701760702607308304, 116569498029335497451089939640425506359463161833640809770766983155818344896564)
(115594974763846202239485510413152282482024416378217867868009261212581055507905, 149625565013564816092040782708732808528520276357984336867236816154777699373948)
(90709271219110038675014370393464594200711612320575445859215611487893796317513, 40792229208448505384312589755750328878960364941383849073448591873325908223700)
