(59095733356674895614750564951001450665045855821695763595602218660547960876401, 68207375082284698801195202563777956111583084458526154435295583619467005361742)
(55882225010676277563709871966529692570990029426812786275108123746503398332317, 131925196993972871223109270925877086872608233703634172676155140067949165242932)
(73115137429590058544287609536610128256442088399674402332997805843743734407304, 102112320608050556330862835829188797626059969876365874905460186344024445866844)
(95956047442344354200892811809939213409015929175642514840046784459836261162740, 123391560841013188165044170785880206707818010969894767782965076638166629178598)
(49920968654427892275718738981208904396824774702542527683468130872429492092356, 106329333369479187005066888467943209755459033396133419554260434575437768335269)
(20808414147193672685649815560337998337528062514867317514081528601431568559733, 201176283385727231148732120709860353397663725740852289808172414231857102896199)
(71830836041367014892307168038011381510235005061506915961659637068786541447611, 137833448617068153415271091425590071302675856792824635477255060025823508493751)
(91294869394954928027504726833240877630384207658920817046040718346182682114286, 178090079510827846159501599121992548569592320531568289112723253300726169728295)
(67261190368582219943088699468299617385996263883848464755507215236117827676026, 195981050539361706087553187707133624109435023158359533255587053243664436212684)
(59032312489826569428709214511076257514251953042282459603713217630815863331185, 115272683423553784834430102287799116929188846020574413426171481898183226535462)
(84670164415567778528276670323435101864034996361355382888618577724449365255501, 153098416830240945976902936204418951752409311319202389640914852821165087848597)
(29081623892933007009391423433264521847227953915941649516379626936039642188542, 130916836629207520852042409512517888030939499620695664524316984444929659790439)
(21812680442289015516721971298699981686534721575153723760473566593086211463160, 159937082187498828034086181531512656395402635068022696038195645640324415501558)
(23281562245760962022958921179711739873910790919944906491005262771727336296891, 26178215341733217993793208444097975266666738756331601557517666266082977771624)
(1853087487656256615336357422877811392072692414477291122057455425541866128701, 177090051131924368248695823046936510003054628706955724130222889569041072362990)
(69219619690209950092361024211339954225924343815485652805240195290294812017766, 150783890794217576351267215220709878298885965952471130110365191958765206860834)
(21820714959341591075164141585838380947450324205812406840803790571641874610845, 90803741179173025274380922534320068216636004667948616161433388517155865823139)
(63185212396020100708380487552372037118122340336747788920968553966331791032449, 4178705915063929614767415541914574993846775932025045669690249546565892565847)
(90584658708479552488976434770578418339746337337289089896467786339245278394147, 67382836676462370575295582783470979751716612962995007954896349710435653183841)
(77023878032084556319735822784492032227463300059401847414158583494676844541982, 67258641206257791595093444657179287851884451544823909425954537123359410810574)
(36409581453170778080977200643717833038470532764269764634670799898519372515280, 24892227439737177046396553856681880010031574677256567382923313385076058700363)
(107021175649792618227513126439403001231338520734147835729703416834591139430909, 96825763708516178597350790448413725615186932408227914837386690614662644374928)
(45986097300432925377755487159724809423165241752942068269118384057321271052594, 120355312263391071088397207601889276733110130673139693532198271010239352016450)
